CITY = City(1..20);
ITEM = Item(1..57);
knapsack_capacity = 10000;
min_speed = 100;
max_speed = 200;
renting_ratio = 81;
distances = array2d(CITY, CITY, [0, 574, 781, 779, 484, 411, 711, 91, 804, 864, 583, 604, 447, 242, 546, 491, 600, 701, 433, 983, 574, 0, 779, 322, 270, 506, 581, 497, 457, 291, 240, 113, 148, 602, 92, 85, 345, 575, 149, 512, 781, 779, 0, 620, 962, 381, 216, 797, 470, 902, 546, 891, 806, 553, 848, 767, 1082, 218, 700, 695, 779, 322, 620, 0, 592, 519, 404, 725, 172, 291, 198, 418, 451, 704, 414, 381, 662, 403, 383, 206, 484, 270, 962, 592, 0, 619, 791, 393, 716, 506, 475, 202, 161, 618, 180, 221, 130, 782, 266, 781, 411, 506, 381, 519, 619, 0, 306, 418, 467, 728, 342, 602, 479, 219, 547, 462, 746, 296, 383, 690, 711, 581, 216, 404, 791, 306, 0, 703, 263, 687, 342, 694, 630, 522, 658, 581, 903, 10, 524, 497, 91, 497, 797, 725, 393, 418, 703, 0, 767, 787, 533, 519, 364, 290, 461, 412, 510, 693, 361, 930, 804, 457, 470, 172, 716, 467, 263, 767, 0, 461, 250, 564, 561, 678, 548, 495, 802, 265, 472, 238, 864, 291, 902, 291, 506, 728, 687, 787, 461, 0, 391, 304, 432, 867, 344, 375, 518, 684, 433, 367, 583, 240, 546, 198, 475, 342, 342, 533, 250, 391, 0, 354, 316, 510, 322, 255, 575, 336, 222, 400, 604, 113, 891, 418, 202, 602, 694, 519, 564, 304, 354, 0, 158, 671, 61, 141, 245, 688, 222, 591, 447, 148, 806, 451, 161, 479, 630, 364, 561, 432, 316, 158, 0, 520, 98, 71, 276, 622, 106, 649, 242, 602, 553, 704, 618, 219, 522, 290, 678, 867, 510, 671, 520, 0, 611, 533, 747, 512, 455, 891, 546, 92, 848, 414, 180, 547, 658, 461, 548, 344, 322, 61, 98, 611, 0, 85, 255, 651, 165, 600, 491, 85, 767, 381, 221, 462, 581, 412, 495, 375, 255, 141, 71, 533, 85, 0, 322, 574, 81, 579, 600, 345, 1082, 662, 130, 746, 903, 510, 802, 518, 575, 245, 276, 747, 255, 322, 0, 895, 382, 835, 701, 575, 218, 403, 782, 296, 10, 693, 265, 684, 336, 688, 622, 512, 651, 574, 895, 0, 516, 500, 433, 149, 700, 383, 266, 383, 524, 361, 472, 433, 222, 222, 106, 455, 165, 81, 382, 516, 0, 588, 983, 512, 695, 206, 781, 690, 497, 930, 238, 367, 400, 591, 649, 891, 600, 579, 835, 500, 588, 0]);
items = [Item(1): (profit: 8538, weight: 2669, city: City(2)), (profit: 7905, weight: 3909, city: City(2)), (profit: 9282, weight: 8295, city: City(2)), (profit: 7616, weight: 1421, city: City(3)), (profit: 2963, weight: 5992, city: City(3)), (profit: 5596, weight: 7664, city: City(3)), (profit: 3180, weight: 1297, city: City(4)), (profit: 9590, weight: 7714, city: City(4)), (profit: 1788, weight: 771, city: City(4)), (profit: 9833, weight: 845, city: City(5)), (profit: 9476, weight: 6121, city: City(5)), (profit: 2006, weight: 4944, city: City(5)), (profit: 2285, weight: 5523, city: City(6)), (profit: 6201, weight: 4137, city: City(6)), (profit: 2817, weight: 1930, city: City(6)), (profit: 1580, weight: 5729, city: City(7)), (profit: 3348, weight: 1491, city: City(7)), (profit: 2620, weight: 6089, city: City(7)), (profit: 2861, weight: 1992, city: City(8)), (profit: 4046, weight: 7798, city: City(8)), (profit: 7553, weight: 2787, city: City(8)), (profit: 7931, weight: 1898, city: City(9)), (profit: 1241, weight: 7812, city: City(9)), (profit: 1827, weight: 8682, city: City(9)), (profit: 5866, weight: 6913, city: City(10)), (profit: 6889, weight: 5444, city: City(10)), (profit: 5827, weight: 665, city: City(10)), (profit: 6024, weight: 8422, city: City(11)), (profit: 5534, weight: 7421, city: City(11)), (profit: 666, weight: 2669, city: City(11)), (profit: 2768, weight: 2294, city: City(12)), (profit: 1826, weight: 2785, city: City(12)), (profit: 5054, weight: 5841, city: City(12)), (profit: 3950, weight: 3904, city: City(13)), (profit: 9961, weight: 5755, city: City(13)), (profit: 579, weight: 9657, city: City(13)), (profit: 5519, weight: 9591, city: City(14)), (profit: 2600, weight: 1281, city: City(14)), (profit: 1465, weight: 6130, city: City(14)), (profit: 9415, weight: 8788, city: City(15)), (profit: 5819, weight: 7862, city: City(15)), (profit: 7745, weight: 5852, city: City(15)), (profit: 1554, weight: 7572, city: City(16)), (profit: 6965, weight: 1096, city: City(16)), (profit: 6384, weight: 3358, city: City(16)), (profit: 9258, weight: 4919, city: City(17)), (profit: 720, weight: 5452, city: City(17)), (profit: 3739, weight: 6569, city: City(17)), (profit: 386, weight: 6554, city: City(18)), (profit: 8165, weight: 7250, city: City(18)), (profit: 5004, weight: 7364, city: City(18)), (profit: 3585, weight: 6387, city: City(19)), (profit: 9446, weight: 4498, city: City(19)), (profit: 1557, weight: 2521, city: City(19)), (profit: 201, weight: 4075, city: City(20)), (profit: 8091, weight: 5227, city: City(20)), (profit: 5283, weight: 1461, city: City(20))];
