CITY = City(1..20);
ITEM = Item(1..285);
knapsack_capacity = 5000;
min_speed = 100;
max_speed = 200;
renting_ratio = 32;
distances = array2d(CITY, CITY, [0, 757, 211, 497, 439, 376, 344, 498, 279, 497, 127, 381, 472, 534, 150, 480, 453, 273, 247, 253, 757, 0, 605, 313, 1196, 405, 787, 742, 935, 654, 771, 1071, 294, 401, 867, 551, 373, 641, 734, 538, 211, 605, 0, 412, 623, 200, 485, 595, 483, 309, 308, 466, 311, 326, 270, 506, 258, 354, 150, 67, 497, 313, 412, 0, 925, 262, 474, 441, 632, 605, 481, 857, 198, 411, 632, 255, 311, 331, 561, 350, 439, 1196, 623, 925, 0, 810, 585, 763, 365, 826, 449, 313, 910, 944, 358, 838, 880, 631, 563, 680, 376, 405, 200, 262, 810, 0, 539, 591, 610, 344, 430, 666, 112, 199, 467, 446, 91, 381, 332, 135, 344, 787, 485, 474, 585, 539, 0, 180, 221, 794, 220, 682, 580, 738, 474, 283, 630, 160, 580, 483, 498, 742, 595, 441, 763, 591, 180, 0, 398, 893, 383, 855, 598, 787, 639, 191, 675, 242, 713, 574, 279, 935, 483, 632, 365, 610, 221, 398, 0, 776, 181, 510, 683, 792, 348, 491, 697, 305, 520, 510, 497, 654, 309, 605, 826, 344, 794, 893, 776, 0, 611, 568, 422, 253, 480, 776, 306, 656, 270, 319, 127, 771, 308, 481, 449, 430, 220, 383, 181, 611, 0, 474, 507, 611, 256, 400, 516, 187, 372, 330, 381, 1071, 466, 857, 313, 666, 682, 855, 510, 568, 474, 0, 777, 743, 232, 861, 711, 650, 347, 533, 472, 294, 311, 198, 910, 112, 580, 598, 683, 422, 507, 777, 0, 213, 574, 429, 117, 420, 444, 244, 534, 401, 326, 411, 944, 199, 738, 787, 792, 253, 611, 743, 213, 0, 586, 632, 112, 580, 398, 283, 150, 867, 270, 632, 358, 467, 474, 639, 348, 480, 256, 232, 574, 586, 0, 630, 528, 422, 211, 332, 480, 551, 506, 255, 838, 446, 283, 191, 491, 776, 400, 861, 429, 632, 630, 0, 522, 214, 645, 466, 453, 373, 258, 311, 880, 91, 630, 675, 697, 306, 516, 711, 117, 112, 528, 522, 0, 471, 366, 201, 273, 641, 354, 331, 631, 381, 160, 242, 305, 656, 187, 650, 420, 580, 422, 214, 471, 0, 472, 338, 247, 734, 150, 561, 563, 332, 580, 713, 520, 270, 372, 347, 444, 398, 211, 645, 366, 472, 0, 212, 253, 538, 67, 350, 680, 135, 483, 574, 510, 319, 330, 533, 244, 283, 332, 466, 201, 338, 212, 0]);
items = [Item(1): (profit: 8403, weight: 5010, city: City(2)), (profit: 4513, weight: 4020, city: City(2)), (profit: 4293, weight: 327, city: City(2)), (profit: 3882, weight: 8263, city: City(2)), (profit: 2671, weight: 8041, city: City(2)), (profit: 9830, weight: 5480, city: City(2)), (profit: 3996, weight: 9416, city: City(2)), (profit: 6081, weight: 9181, city: City(2)), (profit: 8024, weight: 3101, city: City(2)), (profit: 7527, weight: 8686, city: City(2)), (profit: 6995, weight: 1944, city: City(2)), (profit: 7945, weight: 1023, city: City(2)), (profit: 8111, weight: 1368, city: City(2)), (profit: 8219, weight: 6087, city: City(2)), (profit: 6780, weight: 747, city: City(2)), (profit: 9679, weight: 1726, city: City(3)), (profit: 1000, weight: 5952, city: City(3)), (profit: 5045, weight: 7052, city: City(3)), (profit: 6364, weight: 7605, city: City(3)), (profit: 6126, weight: 7675, city: City(3)), (profit: 6075, weight: 9685, city: City(3)), (profit: 5192, weight: 9649, city: City(3)), (profit: 7820, weight: 2363, city: City(3)), (profit: 5141, weight: 7093, city: City(3)), (profit: 2524, weight: 6691, city: City(3)), (profit: 9532, weight: 5098, city: City(3)), (profit: 7447, weight: 9079, city: City(3)), (profit: 4940, weight: 6313, city: City(3)), (profit: 8276, weight: 207, city: City(3)), (profit: 3350, weight: 6381, city: City(3)), (profit: 6201, weight: 1759, city: City(4)), (profit: 7069, weight: 2120, city: City(4)), (profit: 7466, weight: 4257, city: City(4)), (profit: 9125, weight: 8453, city: City(4)), (profit: 8181, weight: 2813, city: City(4)), (profit: 2371, weight: 3791, city: City(4)), (profit: 4868, weight: 8547, city: City(4)), (profit: 4895, weight: 4577, city: City(4)), (profit: 7267, weight: 640, city: City(4)), (profit: 6859, weight: 2638, city: City(4)), (profit: 9123, weight: 3179, city: City(4)), (profit: 332, weight: 5754, city: City(4)), (profit: 4734, weight: 4883, city: City(4)), (profit: 6558, weight: 3161, city: City(4)), (profit: 4544, weight: 1943, city: City(4)), (profit: 9550, weight: 9705, city: City(5)), (profit: 6109, weight: 7384, city: City(5)), (profit: 3789, weight: 9132, city: City(5)), (profit: 386, weight: 6905, city: City(5)), (profit: 3336, weight: 6137, city: City(5)), (profit: 4629, weight: 3173, city: City(5)), (profit: 1615, weight: 479, city: City(5)), (profit: 2696, weight: 9871, city: City(5)), (profit: 8797, weight: 473, city: City(5)), (profit: 4039, weight: 1188, city: City(5)), (profit: 9229, weight: 2946, city: City(5)), (profit: 9613, weight: 4976, city: City(5)), (profit: 3211, weight: 3973, city: City(5)), (profit: 3635, weight: 2415, city: City(5)), (profit: 4964, weight: 3650, city: City(5)), (profit: 5964, weight: 311, city: City(6)), (profit: 6536, weight: 8326, city: City(6)), (profit: 5356, weight: 1522, city: City(6)), (profit: 9237, weight: 3739, city: City(6)), (profit: 4088, weight: 4539, city: City(6)), (profit: 1930, weight: 3661, city: City(6)), (profit: 5256, weight: 8108, city: City(6)), (profit: 8809, weight: 4371, city: City(6)), (profit: 6519, weight: 7017, city: City(6)), (profit: 1583, weight: 1522, city: City(6)), (profit: 6754, weight: 4658, city: City(6)), (profit: 3945, weight: 3318, city: City(6)), (profit: 4829, weight: 6010, city: City(6)), (profit: 7946, weight: 1774, city: City(6)), (profit: 7828, weight: 6437, city: City(6)), (profit: 6260, weight: 1680, city: City(7)), (profit: 6149, weight: 2337, city: City(7)), (profit: 4877, weight: 8887, city: City(7)), (profit: 446, weight: 2715, city: City(7)), (profit: 5033, weight: 8341, city: City(7)), (profit: 4376, weight: 6758, city: City(7)), (profit: 514, weight: 6583, city: City(7)), (profit: 2832, weight: 670, city: City(7)), (profit: 9438, weight: 2207, city: City(7)), (profit: 3075, weight: 8289, city: City(7)), (profit: 5368, weight: 7102, city: City(7)), (profit: 9220, weight: 7080, city: City(7)), (profit: 3137, weight: 3230, city: City(7)), (profit: 8550, weight: 5821, city: City(7)), (profit: 3941, weight: 8737, city: City(7)), (profit: 6847, weight: 7105, city: City(8)), (profit: 3942, weight: 8152, city: City(8)), (profit: 444, weight: 9400, city: City(8)), (profit: 1960, weight: 978, city: City(8)), (profit: 9310, weight: 8684, city: City(8)), (profit: 6239, weight: 872, city: City(8)), (profit: 7048, weight: 1196, city: City(8)), (profit: 3361, weight: 5817, city: City(8)), (profit: 2901, weight: 7459, city: City(8)), (profit: 6280, weight: 9985, city: City(8)), (profit: 8423, weight: 2358, city: City(8)), (profit: 5195, weight: 7554, city: City(8)), (profit: 9410, weight: 4251, city: City(8)), (profit: 3700, weight: 6082, city: City(8)), (profit: 4845, weight: 9305, city: City(8)), (profit: 7561, weight: 5537, city: City(9)), (profit: 3426, weight: 4612, city: City(9)), (profit: 2684, weight: 3060, city: City(9)), (profit: 2562, weight: 8668, city: City(9)), (profit: 9733, weight: 5309, city: City(9)), (profit: 984, weight: 2673, city: City(9)), (profit: 1070, weight: 1885, city: City(9)), (profit: 8782, weight: 3376, city: City(9)), (profit: 3088, weight: 9439, city: City(9)), (profit: 4144, weight: 422, city: City(9)), (profit: 4962, weight: 2781, city: City(9)), (profit: 5131, weight: 5428, city: City(9)), (profit: 9252, weight: 7758, city: City(9)), (profit: 7402, weight: 9965, city: City(9)), (profit: 5061, weight: 3088, city: City(9)), (profit: 6173, weight: 7564, city: City(10)), (profit: 5592, weight: 5462, city: City(10)), (profit: 540, weight: 1040, city: City(10)), (profit: 2256, weight: 9414, city: City(10)), (profit: 6145, weight: 8698, city: City(10)), (profit: 3560, weight: 3678, city: City(10)), (profit: 3241, weight: 8480, city: City(10)), (profit: 451, weight: 1378, city: City(10)), (profit: 8479, weight: 4532, city: City(10)), (profit: 7597, weight: 5573, city: City(10)), (profit: 5555, weight: 8124, city: City(10)), (profit: 2718, weight: 9311, city: City(10)), (profit: 4015, weight: 1376, city: City(10)), (profit: 4345, weight: 4964, city: City(10)), (profit: 1034, weight: 975, city: City(10)), (profit: 168, weight: 8542, city: City(11)), (profit: 7063, weight: 8762, city: City(11)), (profit: 5365, weight: 8934, city: City(11)), (profit: 3408, weight: 4578, city: City(11)), (profit: 2283, weight: 646, city: City(11)), (profit: 1098, weight: 1251, city: City(11)), (profit: 8856, weight: 8713, city: City(11)), (profit: 7608, weight: 8085, city: City(11)), (profit: 771, weight: 259, city: City(11)), (profit: 6673, weight: 2006, city: City(11)), (profit: 9430, weight: 943, city: City(11)), (profit: 8421, weight: 2660, city: City(11)), (profit: 8728, weight: 1954, city: City(11)), (profit: 457, weight: 8940, city: City(11)), (profit: 2490, weight: 8130, city: City(11)), (profit: 2398, weight: 7772, city: City(12)), (profit: 4522, weight: 6117, city: City(12)), (profit: 9068, weight: 256, city: City(12)), (profit: 4440, weight: 8399, city: City(12)), (profit: 9570, weight: 3513, city: City(12)), (profit: 5975, weight: 5136, city: City(12)), (profit: 3156, weight: 3032, city: City(12)), (profit: 6715, weight: 1202, city: City(12)), (profit: 8551, weight: 4675, city: City(12)), (profit: 5867, weight: 7592, city: City(12)), (profit: 1415, weight: 1000, city: City(12)), (profit: 5718, weight: 7180, city: City(12)), (profit: 2334, weight: 1970, city: City(12)), (profit: 8683, weight: 4599, city: City(12)), (profit: 9084, weight: 953, city: City(12)), (profit: 1398, weight: 2620, city: City(13)), (profit: 1123, weight: 6098, city: City(13)), (profit: 8262, weight: 2664, city: City(13)), (profit: 6685, weight: 1460, city: City(13)), (profit: 1374, weight: 6598, city: City(13)), (profit: 6673, weight: 7059, city: City(13)), (profit: 7576, weight: 8472, city: City(13)), (profit: 9780, weight: 5321, city: City(13)), (profit: 104, weight: 7644, city: City(13)), (profit: 6064, weight: 5819, city: City(13)), (profit: 6136, weight: 6049, city: City(13)), (profit: 2462, weight: 7929, city: City(13)), (profit: 5947, weight: 5367, city: City(13)), (profit: 5653, weight: 8336, city: City(13)), (profit: 652, weight: 5122, city: City(13)), (profit: 495, weight: 9991, city: City(14)), (profit: 7499, weight: 9515, city: City(14)), (profit: 4275, weight: 8233, city: City(14)), (profit: 8884, weight: 1887, city: City(14)), (profit: 4123, weight: 510, city: City(14)), (profit: 7086, weight: 2887, city: City(14)), (profit: 8182, weight: 1756, city: City(14)), (profit: 602, weight: 7323, city: City(14)), (profit: 3882, weight: 9864, city: City(14)), (profit: 121, weight: 8244, city: City(14)), (profit: 2995, weight: 3967, city: City(14)), (profit: 7847, weight: 2876, city: City(14)), (profit: 3963, weight: 1567, city: City(14)), (profit: 8062, weight: 5210, city: City(14)), (profit: 8034, weight: 3704, city: City(14)), (profit: 2024, weight: 4059, city: City(15)), (profit: 3183, weight: 8681, city: City(15)), (profit: 3087, weight: 4775, city: City(15)), (profit: 7088, weight: 4297, city: City(15)), (profit: 6218, weight: 6298, city: City(15)), (profit: 4956, weight: 7822, city: City(15)), (profit: 7792, weight: 3114, city: City(15)), (profit: 9405, weight: 6335, city: City(15)), (profit: 8214, weight: 6394, city: City(15)), (profit: 3930, weight: 8029, city: City(15)), (profit: 8702, weight: 3425, city: City(15)), (profit: 9342, weight: 7520, city: City(15)), (profit: 3463, weight: 1336, city: City(15)), (profit: 9659, weight: 9239, city: City(15)), (profit: 3196, weight: 8613, city: City(15)), (profit: 9816, weight: 8289, city: City(16)), (profit: 439, weight: 4445, city: City(16)), (profit: 4728, weight: 4797, city: City(16)), (profit: 3467, weight: 2243, city: City(16)), (profit: 8643, weight: 7253, city: City(16)), (profit: 7820, weight: 8346, city: City(16)), (profit: 1592, weight: 6024, city: City(16)), (profit: 3567, weight: 6904, city: City(16)), (profit: 934, weight: 5611, city: City(16)), (profit: 6321, weight: 3882, city: City(16)), (profit: 2672, weight: 4728, city: City(16)), (profit: 2022, weight: 1059, city: City(16)), (profit: 3858, weight: 5393, city: City(16)), (profit: 2869, weight: 2777, city: City(16)), (profit: 9902, weight: 110, city: City(16)), (profit: 405, weight: 6208, city: City(17)), (profit: 8789, weight: 867, city: City(17)), (profit: 324, weight: 9149, city: City(17)), (profit: 6125, weight: 5883, city: City(17)), (profit: 3236, weight: 4019, city: City(17)), (profit: 8128, weight: 6087, city: City(17)), (profit: 8381, weight: 2859, city: City(17)), (profit: 3230, weight: 894, city: City(17)), (profit: 9540, weight: 3606, city: City(17)), (profit: 5332, weight: 1507, city: City(17)), (profit: 4235, weight: 8390, city: City(17)), (profit: 1962, weight: 7781, city: City(17)), (profit: 2098, weight: 3472, city: City(17)), (profit: 789, weight: 5253, city: City(17)), (profit: 6395, weight: 4059, city: City(17)), (profit: 8682, weight: 427, city: City(18)), (profit: 805, weight: 1383, city: City(18)), (profit: 4898, weight: 7040, city: City(18)), (profit: 1271, weight: 5208, city: City(18)), (profit: 5513, weight: 8285, city: City(18)), (profit: 9520, weight: 1446, city: City(18)), (profit: 2142, weight: 8160, city: City(18)), (profit: 8459, weight: 241, city: City(18)), (profit: 5349, weight: 9653, city: City(18)), (profit: 7023, weight: 5766, city: City(18)), (profit: 7043, weight: 204, city: City(18)), (profit: 893, weight: 3372, city: City(18)), (profit: 7663, weight: 4555, city: City(18)), (profit: 7922, weight: 6404, city: City(18)), (profit: 6638, weight: 2619, city: City(18)), (profit: 6799, weight: 7142, city: City(19)), (profit: 4420, weight: 7157, city: City(19)), (profit: 9638, weight: 7783, city: City(19)), (profit: 7358, weight: 6343, city: City(19)), (profit: 9284, weight: 6396, city: City(19)), (profit: 5648, weight: 4422, city: City(19)), (profit: 9838, weight: 9235, city: City(19)), (profit: 9610, weight: 2553, city: City(19)), (profit: 899, weight: 1415, city: City(19)), (profit: 9679, weight: 5085, city: City(19)), (profit: 8263, weight: 8023, city: City(19)), (profit: 5311, weight: 3060, city: City(19)), (profit: 6552, weight: 3177, city: City(19)), (profit: 113, weight: 3296, city: City(19)), (profit: 9701, weight: 2288, city: City(19)), (profit: 5316, weight: 2026, city: City(20)), (profit: 5304, weight: 8083, city: City(20)), (profit: 8626, weight: 1597, city: City(20)), (profit: 5766, weight: 8373, city: City(20)), (profit: 5100, weight: 903, city: City(20)), (profit: 3384, weight: 7031, city: City(20)), (profit: 3276, weight: 4161, city: City(20)), (profit: 3010, weight: 310, city: City(20)), (profit: 4035, weight: 7944, city: City(20)), (profit: 6553, weight: 4554, city: City(20)), (profit: 7705, weight: 3971, city: City(20)), (profit: 7000, weight: 492, city: City(20)), (profit: 5738, weight: 2305, city: City(20)), (profit: 5865, weight: 7718, city: City(20)), (profit: 9847, weight: 7577, city: City(20))];
