% The MIT License (MIT)
%
% Permission is hereby granted, free of charge, to any person obtaining a copy
% of this software and associated documentation files (the "Software"), to deal
% in the Software without restriction, including without limitation the rights
% to use, copy, modify, merge, publish, distribute, sublicense, and/or sell
% copies of the Software, and to permit persons to whom the Software is
% furnished to do so, subject to the following conditions:
%
% The above copyright notice and this permission notice shall be included in
% all copies or substantial portions of the Software.
%
% THE SOFTWARE IS PROVIDED "AS IS", WITHOUT WARRANTY OF ANY KIND, EXPRESS OR
% IMPLIED, INCLUDING BUT NOT LIMITED TO THE WARRANTIES OF MERCHANTABILITY,
% FITNESS FOR A PARTICULAR PURPOSE AND NONINFRINGEMENT. IN NO EVENT SHALL THE
% AUTHORS OR COPYRIGHT HOLDERS BE LIABLE FOR ANY CLAIM, DAMAGES OR OTHER
% LIABILITY, WHETHER IN AN ACTION OF CONTRACT, TORT OR OTHERWISE, ARISING FROM,
% OUT OF OR IN CONNECTION WITH THE SOFTWARE OR THE USE OR OTHER DEALINGS IN
% THE SOFTWARE.

% Vehicle Routing Problem Instance
num_vehicles = 4;
num_customers = 26;
vehicle_capacities = [500, 500, 500, 250];
predicted_demands = [0, 12, 9, 9, 5, 10, 23, 8, 18, 23, 14, 16, 8, 4, 25, 20, 25, 25, 18, 20, 10, 20, 4, 10, 8, 15, 21];
predicted_ETAs = 
  [| 0, 94, 56, 118, 66, 43, 52, 67, 70, 109, 79, 91, 78, 17, 74, 86, 60, 68, 66, 62, 46, 71, 70, 33, 54, 71, 73
   | 94, 0, 56, 64, 70, 49, 79, 124, 69, 70, 76, 103, 57, 70, 67, 72, 69, 77, 75, 41, 72, 60, 93, 72, 58, 91, 71
   | 56, 56, 0, 38, 49, 61, 84, 84, 91, 65, 85, 83, 58, 70, 62, 53, 98, 119, 36, 91, 48, 125, 65, 97, 76, 42, 59
   | 118, 64, 38, 0, 76, 68, 57, 64, 59, 59, 104, 102, 55, 88, 66, 67, 105, 39, 69, 76, 102, 107, 65, 29, 107, 67, 73
   | 66, 70, 49, 76, 0, 35, 99, 68, 81, 91, 87, 35, 80, 68, 80, 50, 56, 37, 87, 64, 69, 77, 85, 80, 72, 74, 111
   | 43, 49, 61, 68, 35, 0, 70, 75, 75, 54, 64, 54, 63, 72, 59, 76, 92, 99, 87, 88, 41, 68, 88, 85, 61, 67, 61
   | 52, 79, 84, 57, 99, 70, 0, 54, 44, 90, 48, 78, 38, 64, 77, 67, 79, 74, 14, 53, 93, 45, 21, 60, 72, 60, 136
   | 67, 124, 84, 64, 68, 75, 54, 0, 57, 96, 67, 96, 95, 92, 30, 94, 59, 101, 93, 85, 5, 53, 103, 105, 72, 58, 82
   | 70, 69, 91, 59, 81, 75, 44, 57, 0, 63, 73, 63, 53, 79, 64, 92, 65, 73, 78, 111, 126, 75, 39, 86, 85, 80, 116
   | 109, 70, 65, 59, 91, 54, 90, 96, 63, 0, 52, 75, 71, 60, 74, 49, 97, 89, 74, 39, 51, 95, 108, 54, 72, 62, 68
   | 79, 76, 85, 104, 87, 64, 48, 67, 73, 52, 0, 50, 79, 77, 94, 73, 86, 65, 71, 71, 82, 98, 84, 46, 90, 63, 62
   | 91, 103, 83, 102, 35, 54, 78, 96, 63, 75, 50, 0, 60, 68, 57, 69, 64, 74, 54, 67, 88, 60, 57, 58, 64, 54, 69
   | 78, 57, 58, 55, 80, 63, 38, 95, 53, 71, 79, 60, 0, 95, 71, 30, 84, 40, 57, 55, 81, 55, 73, 74, 69, 71, 49
   | 17, 70, 70, 88, 68, 72, 64, 92, 79, 60, 77, 68, 95, 0, 90, 52, 57, 20, 68, 63, 40, 57, 19, 46, 57, 42, 99
   | 74, 67, 62, 66, 80, 59, 77, 30, 64, 74, 94, 57, 71, 90, 0, 33, 109, 43, 68, 97, 36, 15, 83, 108, 68, 42, 58
   | 86, 72, 53, 67, 50, 76, 67, 94, 92, 49, 73, 69, 30, 52, 33, 0, 68, 60, 70, 101, 69, 56, 63, 57, 68, 71, 66
   | 60, 69, 98, 105, 56, 92, 79, 59, 65, 97, 86, 64, 84, 57, 109, 68, 0, 85, 62, 61, 54, 21, 53, 26, 64, 42, 70
   | 68, 77, 119, 39, 37, 99, 74, 101, 73, 89, 65, 74, 40, 20, 43, 60, 85, 0, 65, 76, 95, 45, 81, 38, 92, 80, 83
   | 66, 75, 36, 69, 87, 87, 14, 93, 78, 74, 71, 54, 57, 68, 68, 70, 62, 65, 0, 72, 33, 81, 67, 62, 59, 91, 52
   | 62, 41, 91, 76, 64, 88, 53, 85, 111, 39, 71, 67, 55, 63, 97, 101, 61, 76, 72, 0, 63, 74, 83, 48, 83, 94, 68
   | 46, 72, 48, 102, 69, 41, 93, 5, 126, 51, 82, 88, 81, 40, 36, 69, 54, 95, 33, 63, 0, 62, 57, 37, 52, 77, 42
   | 71, 60, 125, 107, 77, 68, 45, 53, 75, 95, 98, 60, 55, 57, 15, 56, 21, 45, 81, 74, 62, 0, 67, 88, 55, 102, 79
   | 70, 93, 65, 65, 85, 88, 21, 103, 39, 108, 84, 57, 73, 19, 83, 63, 53, 81, 67, 83, 57, 67, 0, 73, 118, 92, 57
   | 33, 72, 97, 29, 80, 85, 60, 105, 86, 54, 46, 58, 74, 46, 108, 57, 26, 38, 62, 48, 37, 88, 73, 0, 89, 62, 39
   | 54, 58, 76, 107, 72, 61, 72, 72, 85, 72, 90, 64, 69, 57, 68, 68, 64, 92, 59, 83, 52, 55, 118, 89, 0, 72, 57
   | 71, 91, 42, 67, 74, 67, 60, 58, 80, 62, 63, 54, 71, 42, 42, 71, 42, 80, 91, 94, 77, 102, 92, 62, 72, 0, 69
   | 73, 71, 59, 73, 111, 61, 136, 82, 116, 68, 62, 69, 49, 99, 58, 66, 70, 83, 52, 68, 42, 79, 57, 39, 57, 69, 0 |];
