% n20w140.005    33.45 331
numLocations = 21;
duration = [|0, 31, 34, 28, 31, 39, 23, 26, 41, 36, 21, 3, 37, 38, 22, 3, 35, 34, 36, 12, 26
            |31, 0, 42, 3, 52, 30, 51, 45, 63, 34, 33, 31, 28, 33, 9, 32, 55, 41, 29, 40, 22
            |34, 42, 0, 40, 18, 20, 29, 14, 27, 11, 13, 30, 20, 16, 36, 31, 19, 2, 17, 27, 19
            |28, 3, 40, 0, 50, 30, 48, 43, 61, 34, 30, 28, 28, 32, 6, 29, 53, 39, 29, 37, 21
            |31, 52, 18, 50, 0, 37, 14, 6, 11, 29, 19, 28, 36, 33, 44, 28, 4, 20, 34, 20, 32
            |39, 30, 20, 30, 37, 0, 45, 32, 47, 9, 22, 36, 2, 4, 29, 37, 39, 18, 3, 38, 13
            |23, 51, 29, 48, 14, 45, 0, 14, 20, 38, 23, 22, 43, 41, 42, 21, 17, 30, 42, 12, 36
            |26, 45, 14, 43, 6, 32, 14, 0, 18, 24, 13, 23, 31, 28, 38, 23, 10, 16, 29, 16, 26
            |41, 63, 27, 61, 11, 47, 20, 18, 0, 38, 31, 39, 46, 42, 55, 38, 8, 29, 44, 30, 43
            |36, 34, 11, 34, 29, 9, 38, 24, 38, 0, 16, 33, 9, 4, 31, 33, 30, 9, 6, 33, 13
            |21, 33, 13, 30, 19, 22, 23, 13, 31, 16, 0, 17, 21, 19, 25, 18, 23, 14, 19, 17, 13
            |3, 31, 30, 28, 28, 36, 22, 23, 39, 33, 17, 0, 34, 35, 22, 1, 33, 31, 33, 10, 24
            |37, 28, 20, 28, 36, 2, 43, 31, 46, 9, 21, 34, 0, 5, 27, 35, 38, 18, 2, 37, 11
            |38, 33, 16, 32, 33, 4, 41, 28, 42, 4, 19, 35, 5, 0, 30, 35, 35, 14, 3, 36, 13
            |22, 9, 36, 6, 44, 29, 42, 38, 55, 31, 25, 22, 27, 30, 0, 23, 48, 35, 27, 30, 18
            |3, 32, 31, 29, 28, 37, 21, 23, 38, 33, 18, 1, 35, 35, 23, 0, 32, 31, 34, 9, 25
            |35, 55, 19, 53, 4, 39, 17, 10, 8, 30, 23, 33, 38, 35, 48, 32, 0, 21, 36, 24, 35
            |34, 41, 2, 39, 20, 18, 30, 16, 29, 9, 14, 31, 18, 14, 35, 31, 21, 0, 16, 28, 18
            |36, 29, 17, 29, 34, 3, 42, 29, 44, 6, 19, 33, 2, 3, 27, 34, 36, 16, 0, 35, 10
            |12, 40, 27, 37, 20, 38, 12, 16, 30, 33, 17, 10, 37, 36, 30, 9, 24, 28, 35, 0, 28
            |26, 22, 19, 21, 32, 13, 36, 26, 43, 13, 13, 24, 11, 13, 18, 25, 35, 18, 10, 28, 0|];
early = [0, 104, 19, 155, 222, 57, 0, 0, 0, 36, 255, 139, 45, 38, 118, 0, 0, 52, 47, 0, 200];
late = [384, 233, 160, 325, 353, 200, 79, 105, 131, 154, 361, 297, 195, 156, 237, 65, 115, 176, 187, 79, 315];