% n20w160.001    63.75 410
numLocations = 21;
duration = [|0, 15, 8, 32, 18, 16, 36, 29, 33, 29, 7, 21, 24, 4, 19, 25, 9, 34, 40, 7, 31
            |15, 0, 22, 19, 8, 6, 21, 14, 26, 36, 14, 13, 31, 14, 16, 26, 18, 20, 34, 8, 32
            |8, 22, 0, 40, 27, 24, 43, 36, 33, 22, 15, 29, 18, 9, 28, 23, 16, 42, 40, 14, 28
            |32, 19, 40, 0, 14, 17, 6, 8, 37, 54, 28, 15, 49, 32, 19, 42, 31, 2, 43, 26, 47
            |18, 8, 27, 14, 0, 3, 19, 14, 34, 43, 14, 5, 38, 18, 9, 34, 17, 16, 41, 13, 40
            |16, 6, 24, 17, 3, 0, 21, 15, 32, 40, 12, 7, 35, 16, 9, 32, 15, 18, 40, 11, 37
            |36, 21, 43, 6, 19, 21, 0, 7, 35, 55, 33, 21, 50, 35, 25, 42, 36, 4, 40, 29, 47
            |29, 14, 36, 8, 14, 15, 7, 0, 29, 47, 27, 17, 43, 28, 22, 35, 30, 8, 35, 23, 40
            |33, 26, 33, 37, 34, 32, 35, 29, 0, 28, 37, 39, 25, 29, 41, 14, 40, 36, 8, 27, 15
            |29, 36, 22, 54, 43, 40, 55, 47, 28, 0, 36, 47, 5, 26, 47, 15, 37, 54, 31, 30, 14
            |7, 14, 15, 28, 14, 12, 33, 27, 37, 36, 0, 15, 31, 10, 13, 32, 4, 30, 44, 9, 37
            |21, 13, 29, 15, 5, 7, 21, 17, 39, 47, 15, 0, 42, 21, 4, 39, 17, 17, 46, 17, 45
            |24, 31, 18, 49, 38, 35, 50, 43, 25, 5, 31, 42, 0, 22, 42, 11, 33, 49, 29, 25, 13
            |4, 14, 9, 32, 18, 16, 35, 28, 29, 26, 10, 21, 22, 0, 21, 22, 12, 33, 36, 5, 28
            |19, 16, 28, 19, 9, 9, 25, 22, 41, 47, 13, 4, 42, 21, 0, 40, 14, 22, 49, 17, 46
            |25, 26, 23, 42, 34, 32, 42, 35, 14, 15, 32, 39, 11, 22, 40, 0, 34, 42, 18, 23, 6
            |9, 18, 16, 31, 17, 15, 36, 30, 40, 37, 4, 17, 33, 12, 14, 34, 0, 33, 48, 13, 40
            |34, 20, 42, 2, 16, 18, 4, 8, 36, 54, 30, 17, 49, 33, 22, 42, 33, 0, 43, 28, 48
            |40, 34, 40, 43, 41, 40, 40, 35, 8, 31, 44, 46, 29, 36, 49, 18, 48, 43, 0, 35, 17
            |7, 8, 14, 26, 13, 11, 29, 23, 27, 30, 9, 17, 25, 5, 17, 23, 13, 28, 35, 0, 29
            |31, 32, 28, 47, 40, 37, 47, 40, 15, 14, 37, 45, 13, 28, 46, 6, 40, 48, 17, 29, 0|];
early = [0, 0, 155, 0, 0, 0, 0, 0, 162, 104, 0, 0, 70, 34, 3, 101, 39, 269, 272, 0, 195];
late = [486, 124, 307, 137, 117, 153, 126, 142, 307, 286, 72, 129, 272, 170, 205, 232, 232, 401, 446, 110, 381];