% n20w180.004    66.05 355
numLocations = 21;
duration = [|0, 39, 22, 14, 22, 24, 46, 19, 22, 48, 10, 17, 42, 33, 42, 38, 41, 16, 5, 26, 29
            |39, 0, 17, 30, 20, 45, 43, 21, 27, 16, 37, 24, 40, 14, 6, 10, 28, 30, 44, 15, 11
            |22, 17, 0, 15, 6, 33, 41, 4, 17, 28, 22, 8, 37, 16, 21, 18, 30, 17, 27, 6, 7
            |14, 30, 15, 0, 19, 18, 33, 15, 8, 35, 8, 16, 29, 21, 31, 26, 27, 2, 18, 15, 19
            |22, 20, 6, 19, 0, 37, 47, 4, 23, 33, 25, 5, 43, 22, 25, 24, 36, 21, 27, 12, 12
            |24, 45, 33, 18, 37, 0, 27, 33, 18, 45, 14, 33, 24, 32, 44, 38, 30, 16, 25, 31, 35
            |46, 43, 41, 33, 47, 27, 0, 44, 26, 33, 36, 46, 4, 29, 39, 33, 15, 31, 49, 36, 38
            |19, 21, 4, 15, 4, 33, 44, 0, 19, 33, 20, 3, 40, 20, 25, 23, 33, 17, 24, 10, 12
            |22, 27, 17, 8, 23, 18, 26, 19, 0, 28, 14, 21, 22, 15, 26, 21, 19, 7, 26, 14, 18
            |48, 16, 28, 35, 33, 45, 33, 33, 28, 0, 42, 36, 31, 14, 10, 10, 18, 34, 52, 23, 21
            |10, 37, 22, 8, 25, 14, 36, 20, 14, 42, 0, 20, 32, 28, 38, 34, 33, 8, 13, 23, 27
            |17, 24, 8, 16, 5, 33, 46, 3, 21, 36, 20, 0, 42, 23, 28, 26, 36, 18, 22, 13, 15
            |42, 40, 37, 29, 43, 24, 4, 40, 22, 31, 32, 42, 0, 26, 36, 30, 12, 27, 45, 32, 35
            |33, 14, 16, 21, 22, 32, 29, 20, 15, 14, 28, 23, 26, 0, 12, 6, 15, 20, 38, 10, 10
            |42, 6, 21, 31, 25, 44, 39, 25, 26, 10, 38, 28, 36, 12, 0, 6, 24, 31, 47, 16, 13
            |38, 10, 18, 26, 24, 38, 33, 23, 21, 10, 34, 26, 30, 6, 6, 0, 18, 26, 43, 13, 11
            |41, 28, 30, 27, 36, 30, 15, 33, 19, 18, 33, 36, 12, 15, 24, 18, 0, 26, 45, 24, 25
            |16, 30, 17, 2, 21, 16, 31, 17, 7, 34, 8, 18, 27, 20, 31, 26, 26, 0, 20, 16, 20
            |5, 44, 27, 18, 27, 25, 49, 24, 26, 52, 13, 22, 45, 38, 47, 43, 45, 20, 0, 31, 34
            |26, 15, 6, 15, 12, 31, 36, 10, 14, 23, 23, 13, 32, 10, 16, 13, 24, 16, 31, 0, 4
            |29, 11, 7, 19, 12, 35, 38, 12, 18, 21, 27, 15, 35, 10, 13, 11, 25, 20, 34, 4, 0|];
early = [0, 67, 0, 2, 52, 150, 125, 0, 0, 99, 0, 0, 225, 79, 50, 199, 136, 0, 0, 0, 200];
late = [483, 265, 170, 170, 191, 291, 283, 146, 140, 285, 76, 170, 441, 218, 256, 356, 286, 105, 170, 123, 338];